cam_ids:
  - 21112705
  - 21112704
cam_aliases:
  - cam0
  - cam1
master_cam: 21112704

skip: 20
delay: 1.0

# Assign all the follwing via launch file to prevent confusion and conflict

#save_path: ~/projects/data
#save_type: .bmp #binary or .tiff or .bmp
#binning: 1 # going from 2 to 1 requires cameras to be unplugged and replugged
#color: false
#frames: 50
#soft_framerate: 20 # this frame rate reflects to the software frame rate set using ros::rate
#exp: 997
#to_ros: true  #When to_ros is not selected, but live is selected, pressing 'space' exports single image to ROS

#Camera info message details
distortion_model: plumb_bob
image_height: 2048
image_width: 2448

distortion_coeffs:
  - [-0.174759789149505, 0.088786002595166, 0.0, 0.0, 0.0]
  - [-0.169050151948171, 0.076774357495195, 0.0, 0.0, 0.0]

#specified as [fx  0 cx 0 fy cy 0  0  1]
intrinsic_coeffs:
  - [
      1.803362246320245e+03,
      0.0,
      1.209469435657402e+03,
      0.0,
      1.803509789273184e+03,
      1.036488649236766e+03,
      0.0,
      0.0,
      1.0,
    ]
  - [
      1.803244085557929e+03,
      0.0,
      1.217628799788529e+03,
      0.0,
      1.803534143989078e+03,
      1.019097192118752e+03,
      0.,
      0.,
      1.,
    ]

rectification_coeffs:
  - [
      0.99996,
      -0.001471,
      -0.0088647,
      0.0014614,
      1.0,
      -0.0010835,
      0.0088663,
      0.0010705,
      0.99996,
    ]
  - [
      0.99988,
      0.0035082,
      0.015288,
      -0.0034917,
      0.99999,
      -0.0011037,
      -0.015292,
      0.0010502,
      0.99988,
    ]

projection_coeffs:
  - [1803.2441, 0., 1317.4694, 0., 0., 1803.2441, 1050.7929, 0., 0., 0., 1., 0.]
  - [
      1803.244086,
      0.,
      1317.469436,
      -657024.9091,
      0.,
      1803.244086,
      1050.792921,
      0.,
      0.,
      0.,
      1.,
      0.,
    ]
flip_horizontal:
  - false
  - false

flip_vertical:
  - false
  - false
