cam_ids:
  - 21112705
  - 21112704
cam_aliases:
  - cam0
  - cam1
master_cam: 21112704

skip: 20
delay: 1.0

# Assign all the follwing via launch file to prevent confusion and conflict

#save_path: ~/projects/data
#save_type: .bmp #binary or .tiff or .bmp
#binning: 1 # going from 2 to 1 requires cameras to be unplugged and replugged
#color: false
#frames: 50
#soft_framerate: 20 # this frame rate reflects to the software frame rate set using ros::rate
#exp: 997
#to_ros: true  #When to_ros is not selected, but live is selected, pressing 'space' exports single image to ROS

#Camera info message details
distortion_model: plumb_bob
image_height: 2056
image_width: 2464

distortion_coeffs:
  - - -0.15299591865471868
    - 0.06549402910710996
    - 0.01322775702125353
    - -0.03490333624864993
    - -0.010208491958730304
  - - 0.039721043397445616
    - -0.7034940993109371
    - 0.04334955036403801
    - 0.0017033693160274917
    - 1.1572213664723943

#specified as [fx  0 cx 0 fy cy 0  0  1]
intrinsic_coeffs:
  - - 1946.8931214362185
    - 0.0
    - 719.2205589239445
    - 0.0
    - 1841.2702090867663
    - 1066.7055203759392
    - 0.0
    - 0.0
    - 1.0
  - - 1759.5486291763727
    - 0.0
    - 899.1003037266133
    - 0.0
    - 1816.7081477063887
    - 1278.90505136862
    - 0.0
    - 0.0
    - 1.0

rectification_coeffs:
  - - 0.9922782551744723
    - -0.019525877669535438
    - -0.12248511913346456
    - 0.011378879890369746
    - 0.9976971828525807
    - -0.06686443314995337
    - 0.12350864504294916
    - 0.06495437960028858
    - 0.990215402410201
  - - 0.9988584663066836
    - 0.022527264548913784
    - -0.0421222819823772
    - -0.019695634419493145
    - 0.9975939473655664
    - 0.06647103252095082
    - 0.04351834408928407
    - -0.06556552853085891
    - 0.9968988490294267

projection_coeffs:
  - - 1828.9891783965775
    - 0.0
    - 983.6056137084961
    - 0.0
    - 0.0
    - 1828.9891783965775
    - 1197.2406997680664
    - 0.0
    - 0.0
    - 0.0
    - 1.0
    - 0.0
  - - 1828.9891783965775
    - 0.0
    - 983.6056137084961
    - -663190.3212272547
    - 0.0
    - 1828.9891783965775
    - 1197.2406997680664
    - 0.0
    - 0.0
    - 0.0
    - 1.0
    - 0.0

flip_horizontal:
  - false
  - false

flip_vertical:
  - false
  - false
